dnorm
[0.39695255 0.39104269 0.38138782 0.36827014 0.35206533  0.3332246 0.31225393]
pnorm
[0.46017216 0.42074029 0.38208858 0.34457826 0.30853754 0.27425312 0.24196365]
qnorm
[ 1.2815516 0.84162123 0.52440051  0.2533471 0 -0.2533471 -0.52440051]
rnorm
[-0.06729455 -0.9261239 -2.6149122 -2.2343753 -0.21876046 -0.72701598 0.13920299]
dunif
[1 1 1 1 1 1 1]
punif
[0.9 0.8 0.7 0.6 0.5 0.4 0.3]
qunif
[0.9 0.8 0.7 0.6 0.5 0.4 0.3]
runif
[0.30926927 0.51550348 0.80226727 0.090732588 0.60408914 0.29210653 0.94865742]
dgamma
[ 1.6143423  1.0328831 0.76309058 0.59796708 0.48394145 0.39973553 0.33486511]
pgamma
[0.65472085 0.52708926 0.43857803 0.37109337 0.31731051 0.27332168 0.23672357]
qgamma
[ 1.3527717 0.82118721 0.53709709 0.35416315 0.22746821 0.13749795 0.074235931]
rgamma
[0.24561227 0.77897151  1.2148034  3.7563123 0.34696597 0.23598352 0.20785313]
dbeta
[ 1.5811388   1.118034 0.91287093 0.79056942 0.70710678 0.64549722  0.5976143]
pbeta
1
qbeta
[0.81 0.64 0.49 0.36 0.25 0.16 0.09]
rbeta
[0.0040222593 0.12773737 0.71394645 0.14188175 0.30038541 0.034561025 0.39510941]
dlnorm
[0.28159019 0.54626787 0.64420326 0.65544417 0.62749608 0.58357382 0.53479483]
plnorm
[0.010651099 0.05376031 0.11430005 0.17975721  0.2441086 0.30473658 0.36066758]
qlnorm
[0.27760624 0.43101119  0.5919101 0.77619841 1  1.2883304  1.6894457]
rlnorm
[ 6.0326911  4.5573326  1.7275857 0.61480426 0.17051451   0.956066  0.5220975]
dchisq
[0.47561471 0.45241871 0.43035399 0.40936538 0.38940039 0.37040911 0.35234404]
pchisq
[0.97005095 0.94085027 0.91238775  0.8846527 0.85763409 0.83132052 0.80570032]
qchisq
[ 6.7701303  4.8447326  3.6853997  2.8435615  2.1770386  1.6219662  1.1440323]
rchisq
[   1.49467  1.7458681   4.205971  1.5985149  1.3973418 0.94477299  0.3791448]
df
[nan nan nan nan nan nan nan]
pf
[0.94368026 0.89508546 0.85284988 0.81581716 0.78306228 0.75385529 0.72761946]
qf
[0.11728395 0.28125 0.52040816 0.88888889 1.5 2.625  5.0555556]
rf
[ 4.4584391 0.63760929  2.5477706  1458.6064  29.684644  7.0126261 0.61325849]
dt
[0.35091822  0.3432059 0.33096386  0.3150064  0.2962963 0.27582396 0.25450773]
pt
[0.81869495 0.79368507  0.7664725 0.73731914 0.70657746 0.67466585 0.64203743]
qt
[-1.8856181 -1.0606602 -0.6172134 -0.28867513 -0 0.28867513  0.6172134]
rt
[ 3.6652138  1.0685232 -0.78505176 -0.16889637 0.029822239 -0.023347161 0.82728335]
dbinom
[0.27017034 0.28517981 0.19011987 0.089778828 0.031921361 0.0088670448 0.0019704544]
pbinom
[  0.391747 0.67692681 0.86704668  0.9568255 0.98874687 0.99761391 0.99958436]
qbinom
[15 16 18 19 20 21 22]
rbinom
[0 1 1 3 2 1 1]
dcauchy
[0.27440507 0.29202742  0.3060672  0.3151583 0.31830989  0.3151583  0.3060672]
pcauchy
[0.37888106 0.40722642 0.43716704 0.46827448 0.5 0.53172552 0.56283296]
qcauchy
[-2.5776835 -0.87638192 -0.22654253  0.1750803 0.5  0.8249197  1.2265425]
rcauchy
[0.72979192 -1.7134664  3.8973587 0.62653575 0.49644425 -0.74879271  5.9813513]
dexp
[0.47561471 0.45241871 0.43035399 0.40936538 0.38940039 0.37040911 0.35234404]
pexp
[0.048770575 0.095162582 0.13929202 0.18126925 0.22119922 0.25918178 0.29531191]
qexp
[0.21072103  0.4462871 0.71334989  1.0216512  1.3862944  1.8325815  2.4079456]
rexp
[ 6.3742246  1.3493555  2.1319451  2.5339092  3.7158707  1.3528213 0.57754445]
dgeom
[0.09 0.081 0.0729 0.06561   0.059049  0.0531441 0.04782969]
pgeom
[0.19 0.271 0.3439 0.40951   0.468559  0.5217031 0.56953279]
qgeom
[-0 2 3 4 6 8 11]
rgeom
[0 3 1 4 2 18 17]
dhyper
[0 0 1 0 0 0 0]
phyper
[0 0 1 1 1 1 1]
qhyper
[3 3 3 3 3 3 3]
rhyper
[3 3 3 3 3 3 3]
dpois
[0.36787944 0.27067057 0.22404181 0.19536681 0.17546737 0.16062314 0.14900278]
ppois
[0.36787944 0.13533528 0.049787068 0.018315639 0.006737947 0.0024787522 0.00091188197]
qpois
[0 1 2 3 5 6 8]
dpois
[0.36787944 0.18393972 0.06131324 0.01532831 0.003065662 0.00051094367 7.2991953e-05]
ppois
[0.36787944 0.36787944 0.36787944 0.36787944 0.36787944 0.36787944 0.36787944]
qpois
[0 0 0 1 1 1 1]
rpois
[1 1 0 1 2 0 1]
dweibull
[ 1.1524817 0.71487912 0.52788156 0.42001815 0.34865222 0.29750298 0.25885953]
pweibull
[0.72889341 0.63940732 0.57826528 0.53128561 0.49306869 0.46088963 0.43315484]
qweibull
[ 5.3018981  2.5902904  1.4495505 0.83958871 0.48045301 0.26094282 0.12721702]
rweibull
[0.0094465996  1.7919918 0.54025316 0.49564416 0.44236126 0.0018300029 0.034899365]
dlogis
[0.24026075 0.24445831 0.24751657 0.24937604 0.25 0.24937604 0.24751657]
plogis
[0.40131234 0.42555748   0.450166 0.47502081 0.5 0.52497919   0.549834]
qlogis
[-1.6972246 -0.88629436 -0.34729786 0.094534892 0.5 0.90546511  1.3472979]
rlogis
[   1.10767 -0.91803736   2.682501  2.7828051  1.1773585 0.062447991 -4.7801878]
dnbeta
[ 1.0319746 0.85785787 0.81572656 0.81631112 0.83814014 0.87335769 0.91847174]
pnbeta
[0.81571882 0.72327165 0.64012064 0.55875075 0.47616241 0.39068068  0.3011628]
pnf
[0.051615653 0.097069358 0.13715195 0.17268052 0.20437133 0.23282096 0.25851811]
pnt
[0.13345979 0.15424601  0.1774086 0.20282489 0.23026931  0.2594257 0.28990991]
ptukey
[1.1249182e-05 0.00017628137 0.00086245482 0.0026011845 0.0059898314 0.011591545 0.019853748]
qtukey
[ 2.8563349  3.4640667  4.0383611  4.6567287  5.3791215  6.2901124  7.5523415]
dwilcox
[0.0083333333 0.016666667 0.025 0.033333333 0.041666667 0.058333333 0.066666667]
pwilcox
[0.016666667 0.033333333 0.058333333 0.091666667 0.13333333 0.19166667 0.25833333]
qwilcox
[5 7 8 9 10 12 13]
rwilcox
[15 8 17 8 10 6 13]
dsignrank
[ 0.0078125  0.0078125   0.015625   0.015625  0.0234375 0.03125  0.0390625]
psignrank
[  0.015625  0.0234375  0.0390625  0.0546875   0.078125   0.109375  0.1484375]
qsignrank
[6 9 11 12 14 16 17]
rsignrank
[16 19 17 21 24 13 22]
beta
0.0166666666666667
lbeta
-4.0943445622221
gamma
[ 9.5135077  4.5908437   2.991569  2.2181595  1.7724539  1.4891922  1.2980553]
lgamma
[ 2.2527127  1.5240638   1.095798 0.79667782 0.57236494 0.39823386 0.26086725]
digamma
[-10.423755 -5.2890399 -3.5025242 -2.5613845   -1.96351 -1.5406192 -1.2200236]
trigamma
[  101.4333  26.267377  12.245365  7.2753566  4.9348022  3.6362097  2.8340492]
tetragamma
[-2001.8615 -251.47804 -75.272537 -32.239129 -16.828797 -9.9628315 -6.4349929]
pentagamma
[ 60004.513   3753.245  743.14176  236.19526  97.409091  47.407041   25.87915]
choose
10
lchoose
2.30258509299405
besselI
[0.001251042 0.0050166875 0.011334613 0.020268004 0.031906149 0.046365279 0.063789653]
besselK
[ 199.50396  49.512429   21.74574  12.036301  7.5501836  5.1203052    3.66133]
besselJ
[0.0012489587 0.0049833542 0.011165862 0.019734663 0.030604023 0.043665097 0.058786944]
besselY
[-127.64478 -32.157145 -14.480094 -8.2983357 -5.4413708 -3.8927946 -2.9614776]
log1p
[0.09531018 0.18232156 0.26236426 0.33647224 0.40546511 0.47000363 0.53062825]
